image: hku_05.pgm
resolution: 0.030000
origin: [-27.014997, -10.815000, 0.000000]
negate: 0
occupied_thresh: 0.65
free_thresh: 0.196

